<?xml version="1.0"?>
<opencv_storage>
<H type_id="opencv-matrix">
  <rows>3</rows>
  <cols>3</cols>
  <dt>f</dt>
  <data>
    1.53026783e+00 1.09913051e+00 1.21591833e+03 -9.90644360e+00
    3.36226730e+01 4.84433075e+02 -1.66089833e-02 6.20443607e-04 19.</data></H>
</opencv_storage>
