<?xml version="1.0"?>
<opencv_storage>
<H_invt type_id="opencv-matrix">
  <rows>3</rows>
  <cols>3</cols>
  <dt>f</dt>
  <data>
    3.45767915e-01 -1.09000122e-02 -2.18497486e+01 9.75666419e-02
    2.66801380e-02 -6.92409515e+00 2.99069419e-04 -1.03995599e-05
    3.37575749e-02</data></H_invt>
</opencv_storage>
